    1
    2
    2
    3
    2
    2
    2
    2
    1
    1
    2
    2
    1
    1
    1
    1
    1
    1
    2
    2
    1
    1
    1
    1
   17
   17
   18
   18
   17
   17
   17
   17
    1
    2
    1
    2
    1
    1
    1
    1
    1
    1
    1
    1
   17
   17
   17
   17
    1
    1
    1
    1
   17
   17
   17
   17
   17
   17
   17
   17
   33
   33
   33
   33
    1
    2
    1
    2
    1
    1
    1
    1
    1
    1
    1
    1
   17
   17
   17
   17
    1
    1
    1
    1
   17
   17
   17
   17
   17
   17
   17
   17
   33
   33
   33
   33
   17
   18
   17
   18
   17
   17
   17
   17
   17
   17
   17
   17
   33
   33
   33
   33
   17
   17
   17
   17
   33
   33
   33
   33
   33
   33
   33
   33
   49
   49
   49
   49
