    0   255
    1   238
    1   221
    2   204
    1   119
    2   102
    2    85
    3    68
    1   187
    2   170
    2   153
    3   136
    2    51
    3    34
    3    17
    4     0
    1   246
    1   230
    2   212
    2   196
    1   118
    1   102
    2    84
    2    68
    2   178
    2   162
    3   144
    3   128
    2    50
    2    34
    3    16
    3     0
    1   252
    1   236
    1   220
    1   204
    2   116
    2   100
    2    84
    2    68
    2   184
    2   168
    2   152
    2   136
    3    48
    3    32
    3    16
    3     0
    1   244
    1   228
    1   212
    1   196
    1   116
    1   100
    1    84
    1    68
    2   176
    2   160
    2   144
    2   128
    2    48
    2    32
    2    16
    2     0
    1   249
    2   232
    1   217
    2   200
    2   113
    3    96
    2    81
    3    64
    1   185
    2   168
    1   153
    2   136
    2    49
    3    32
    2    17
    3     0
    2   240
    2   224
    2   208
    2   192
    2   112
    2    96
    2    80
    2    64
    2   176
    2   160
    2   144
    2   128
    2    48
    2    32
    2    16
    2     0
    1   248
    1   232
    1   216
    1   200
    2   112
    2    96
    2    80
    2    64
    1   184
    1   168
    1   152
    1   136
    2    48
    2    32
    2    16
    2     0
    1   240
    1   224
    1   208
    1   192
    1   112
    1    96
    1    80
    1    64
    1   176
    1   160
    1   144
    1   128
    1    48
    1    32
    1    16
    1     0
    1   243
    2   226
    2   209
    3   192
    1   115
    2    98
    2    81
    3    64
    1   179
    2   162
    2   145
    3   128
    1    51
    2    34
    2    17
    3     0
    1   242
    1   226
    2   208
    2   192
    1   114
    1    98
    2    80
    2    64
    1   178
    1   162
    2   144
    2   128
    1    50
    1    34
    2    16
    2     0
    2   240
    2   224
    2   208
    2   192
    2   112
    2    96
    2    80
    2    64
    2   176
    2   160
    2   144
    2   128
    2    48
    2    32
    2    16
    2     0
    1   240
    1   224
    1   208
    1   192
    1   112
    1    96
    1    80
    1    64
    1   176
    1   160
    1   144
    1   128
    1    48
    1    32
    1    16
    1     0
    1   241
    2   224
    1   209
    2   192
    1   113
    2    96
    1    81
    2    64
    1   177
    2   160
    1   145
    2   128
    1    49
    2    32
    1    17
    2     0
    1   240
    1   224
    1   208
    1   192
    1   112
    1    96
    1    80
    1    64
    1   176
    1   160
    1   144
    1   128
    1    48
    1    32
    1    16
    1     0
    1   240
    1   224
    1   208
    1   192
    1   112
    1    96
    1    80
    1    64
    1   176
    1   160
    1   144
    1   128
    1    48
    1    32
    1    16
    1     0
   17   240
   17   224
   17   208
   17   192
   17   112
   17    96
   17    80
   17    64
   17   176
   17   160
   17   144
   17   128
   17    48
   17    32
   17    16
   17     0
    1   111
    1   110
    2    77
    2    76
    1   103
    1   102
    2    69
    2    68
    2    43
    2    42
    3     9
    3     8
    2    35
    2    34
    3     1
    3     0
    2   102
    1   102
    3    68
    2    68
    1   102
   17   102
    2    68
   18    68
    3    34
    2    34
    4     0
    3     0
    2    34
   18    34
    3     0
   19     0
    2   108
    1   108
    2    76
    1    76
    2   100
    1   100
    2    68
    1    68
    3    40
    2    40
    3     8
    2     8
    3    32
    2    32
    3     0
    2     0
    2   100
    1   100
    2    68
    1    68
    1   100
   17   100
    1    68
   17    68
    3    32
    2    32
    3     0
    2     0
    2    32
   18    32
    2     0
   18     0
    2   105
    2   104
    2    73
    2    72
    2    97
    2    96
    2    65
    2    64
    2    41
    2    40
    2     9
    2     8
    2    33
    2    32
    2     1
    2     0
    3    96
    2    96
    3    64
    2    64
    2    96
   18    96
    2    64
   18    64
    3    32
    2    32
    3     0
    2     0
    2    32
   18    32
    2     0
   18     0
    2   104
    1   104
    2    72
    1    72
    2    96
    1    96
    2    64
    1    64
    2    40
    1    40
    2     8
    1     8
    2    32
    1    32
    2     0
    1     0
    2    96
    1    96
    2    64
    1    64
    1    96
   17    96
    1    64
   17    64
    2    32
    1    32
    2     0
    1     0
    1    32
   17    32
    1     0
   17     0
    2    99
    2    98
    3    65
    3    64
    1    99
    1    98
    2    65
    2    64
    2    35
    2    34
    3     1
    3     0
    1    35
    1    34
    2     1
    2     0
    2    98
    1    98
    3    64
    2    64
    1    98
   17    98
    2    64
   18    64
    2    34
    1    34
    3     0
    2     0
    1    34
   17    34
    2     0
   18     0
    3    96
    2    96
    3    64
    2    64
    2    96
    1    96
    2    64
    1    64
    3    32
    2    32
    3     0
    2     0
    2    32
    1    32
    2     0
    1     0
    2    96
    1    96
    2    64
    1    64
    1    96
   17    96
    1    64
   17    64
    2    32
    1    32
    2     0
    1     0
    1    32
   17    32
    1     0
   17     0
    2    97
    2    96
    2    65
    2    64
    1    97
    1    96
    1    65
    1    64
    2    33
    2    32
    2     1
    2     0
    1    33
    1    32
    1     1
    1     0
    2    96
    1    96
    2    64
    1    64
    1    96
   17    96
    1    64
   17    64
    2    32
    1    32
    2     0
    1     0
    1    32
   17    32
    1     0
   17     0
    2    96
    1    96
    2    64
    1    64
    1    96
   17    96
    1    64
   17    64
    2    32
    1    32
    2     0
    1     0
    1    32
   17    32
    1     0
   17     0
   18    96
   17    96
   18    64
   17    64
   17    96
   33    96
   17    64
   33    64
   18    32
   17    32
   18     0
   17     0
   17    32
   33    32
   17     0
   33     0
    1   207
    1   206
    1   205
    1   204
    2    71
    2    70
    2    69
    2    68
    2   139
    2   138
    2   137
    2   136
    3     3
    3     2
    3     1
    3     0
    2   198
    1   198
    2   196
    1   196
    2    70
    1    70
    2    68
    1    68
    3   130
    2   130
    3   128
    2   128
    3     2
    2     2
    3     0
    2     0
    2   204
    1   204
    1   204
   17   204
    3    68
    2    68
    2    68
   18    68
    3   136
    2   136
    2   136
   18   136
    4     0
    3     0
    3     0
   19     0
    2   196
    1   196
    1   196
   17   196
    2    68
    1    68
    1    68
   17    68
    3   128
    2   128
    2   128
   18   128
    3     0
    2     0
    2     0
   18     0
    2   201
    2   200
    1   201
    1   200
    3    65
    3    64
    2    65
    2    64
    2   137
    2   136
    1   137
    1   136
    3     1
    3     0
    2     1
    2     0
    3   192
    2   192
    2   192
    1   192
    3    64
    2    64
    2    64
    1    64
    3   128
    2   128
    2   128
    1   128
    3     0
    2     0
    2     0
    1     0
    2   200
    1   200
    1   200
   17   200
    3    64
    2    64
    2    64
   18    64
    2   136
    1   136
    1   136
   17   136
    3     0
    2     0
    2     0
   18     0
    2   192
    1   192
    1   192
   17   192
    2    64
    1    64
    1    64
   17    64
    2   128
    1   128
    1   128
   17   128
    2     0
    1     0
    1     0
   17     0
    2   195
    2   194
    2   193
    2   192
    2    67
    2    66
    2    65
    2    64
    2   131
    2   130
    2   129
    2   128
    2     3
    2     2
    2     1
    2     0
    2   194
    1   194
    2   192
    1   192
    2    66
    1    66
    2    64
    1    64
    2   130
    1   130
    2   128
    1   128
    2     2
    1     2
    2     0
    1     0
    3   192
    2   192
    2   192
   18   192
    3    64
    2    64
    2    64
   18    64
    3   128
    2   128
    2   128
   18   128
    3     0
    2     0
    2     0
   18     0
    2   192
    1   192
    1   192
   17   192
    2    64
    1    64
    1    64
   17    64
    2   128
    1   128
    1   128
   17   128
    2     0
    1     0
    1     0
   17     0
    2   193
    2   192
    1   193
    1   192
    2    65
    2    64
    1    65
    1    64
    2   129
    2   128
    1   129
    1   128
    2     1
    2     0
    1     1
    1     0
    2   192
    1   192
    1   192
   17   192
    2    64
    1    64
    1    64
   17    64
    2   128
    1   128
    1   128
   17   128
    2     0
    1     0
    1     0
   17     0
    2   192
    1   192
    1   192
   17   192
    2    64
    1    64
    1    64
   17    64
    2   128
    1   128
    1   128
   17   128
    2     0
    1     0
    1     0
   17     0
   18   192
   17   192
   17   192
   33   192
   18    64
   17    64
   17    64
   33    64
   18   128
   17   128
   17   128
   33   128
   18     0
   17     0
   17     0
   33     0
    1    79
    1    78
    1    77
    1    76
    1    71
    1    70
    1    69
    1    68
    2    11
    2    10
    2     9
    2     8
    2     3
    2     2
    2     1
    2     0
    2    70
    1    70
    2    68
    1    68
    1    70
   17    70
    1    68
   17    68
    3     2
    2     2
    3     0
    2     0
    2     2
   18     2
    2     0
   18     0
    2    76
    1    76
    1    76
   17    76
    2    68
    1    68
    1    68
   17    68
    3     8
    2     8
    2     8
   18     8
    3     0
    2     0
    2     0
   18     0
    2    68
    1    68
    1    68
   17    68
    1    68
   17    68
   17    68
   33    68
    3     0
    2     0
    2     0
   18     0
    2     0
   18     0
   18     0
   34     0
    2    73
    2    72
    1    73
    1    72
    2    65
    2    64
    1    65
    1    64
    2     9
    2     8
    1     9
    1     8
    2     1
    2     0
    1     1
    1     0
    3    64
    2    64
    2    64
    1    64
    2    64
   18    64
    1    64
   17    64
    3     0
    2     0
    2     0
    1     0
    2     0
   18     0
    1     0
   17     0
    2    72
    1    72
    1    72
   17    72
    2    64
    1    64
    1    64
   17    64
    2     8
    1     8
    1     8
   17     8
    2     0
    1     0
    1     0
   17     0
    2    64
    1    64
    1    64
   17    64
    1    64
   17    64
   17    64
   33    64
    2     0
    1     0
    1     0
   17     0
    1     0
   17     0
   17     0
   33     0
    2    67
    2    66
    2    65
    2    64
    1    67
    1    66
    1    65
    1    64
    2     3
    2     2
    2     1
    2     0
    1     3
    1     2
    1     1
    1     0
    2    66
    1    66
    2    64
    1    64
    1    66
   17    66
    1    64
   17    64
    2     2
    1     2
    2     0
    1     0
    1     2
   17     2
    1     0
   17     0
    3    64
    2    64
    2    64
   18    64
    2    64
    1    64
    1    64
   17    64
    3     0
    2     0
    2     0
   18     0
    2     0
    1     0
    1     0
   17     0
    2    64
    1    64
    1    64
   17    64
    1    64
   17    64
   17    64
   33    64
    2     0
    1     0
    1     0
   17     0
    1     0
   17     0
   17     0
   33     0
    2    65
    2    64
    1    65
    1    64
    1    65
    1    64
   17    65
   17    64
    2     1
    2     0
    1     1
    1     0
    1     1
    1     0
   17     1
   17     0
    2    64
    1    64
    1    64
   17    64
    1    64
   17    64
   17    64
   33    64
    2     0
    1     0
    1     0
   17     0
    1     0
   17     0
   17     0
   33     0
    2    64
    1    64
    1    64
   17    64
    1    64
   17    64
   17    64
   33    64
    2     0
    1     0
    1     0
   17     0
    1     0
   17     0
   17     0
   33     0
   18    64
   17    64
   17    64
   33    64
   17    64
   33    64
   33    64
   49    64
   18     0
   17     0
   17     0
   33     0
   17     0
   33     0
   33     0
   49     0
    1   159
    2   142
    1   157
    2   140
    2    23
    3     6
    2    21
    3     4
    1   155
    2   138
    1   153
    2   136
    2    19
    3     2
    2    17
    3     0
    2   150
    2   134
    2   148
    2   132
    2    22
    2     6
    2    20
    2     4
    2   146
    2   130
    2   144
    2   128
    2    18
    2     2
    2    16
    2     0
    2   156
    2   140
    1   156
    1   140
    3    20
    3     4
    2    20
    2     4
    2   152
    2   136
    1   152
    1   136
    3    16
    3     0
    2    16
    2     0
    2   148
    2   132
    1   148
    1   132
    2    20
    2     4
    1    20
    1     4
    2   144
    2   128
    1   144
    1   128
    2    16
    2     0
    1    16
    1     0
    2   153
    3   136
    1   153
    2   136
    3    17
    4     0
    2    17
    3     0
    1   153
    2   136
   17   153
   18   136
    2    17
    3     0
   18    17
   19     0
    3   144
    3   128
    2   144
    2   128
    3    16
    3     0
    2    16
    2     0
    2   144
    2   128
   18   144
   18   128
    2    16
    2     0
   18    16
   18     0
    2   152
    2   136
    1   152
    1   136
    3    16
    3     0
    2    16
    2     0
    1   152
    1   136
   17   152
   17   136
    2    16
    2     0
   18    16
   18     0
    2   144
    2   128
    1   144
    1   128
    2    16
    2     0
    1    16
    1     0
    1   144
    1   128
   17   144
   17   128
    1    16
    1     0
   17    16
   17     0
    2   147
    3   130
    2   145
    3   128
    2    19
    3     2
    2    17
    3     0
    1   147
    2   130
    1   145
    2   128
    1    19
    2     2
    1    17
    2     0
    2   146
    2   130
    2   144
    2   128
    2    18
    2     2
    2    16
    2     0
    1   146
    1   130
    1   144
    1   128
    1    18
    1     2
    1    16
    1     0
    3   144
    3   128
    2   144
    2   128
    3    16
    3     0
    2    16
    2     0
    2   144
    2   128
    1   144
    1   128
    2    16
    2     0
    1    16
    1     0
    2   144
    2   128
    1   144
    1   128
    2    16
    2     0
    1    16
    1     0
    1   144
    1   128
   17   144
   17   128
    1    16
    1     0
   17    16
   17     0
    2   145
    3   128
    1   145
    2   128
    2    17
    3     0
    1    17
    2     0
    1   145
    2   128
   17   145
   18   128
    1    17
    2     0
   17    17
   18     0
    2   144
    2   128
    1   144
    1   128
    2    16
    2     0
    1    16
    1     0
    1   144
    1   128
   17   144
   17   128
    1    16
    1     0
   17    16
   17     0
    2   144
    2   128
    1   144
    1   128
    2    16
    2     0
    1    16
    1     0
    1   144
    1   128
   17   144
   17   128
    1    16
    1     0
   17    16
   17     0
   18   144
   18   128
   17   144
   17   128
   18    16
   18     0
   17    16
   17     0
   17   144
   17   128
   33   144
   33   128
   17    16
   17     0
   33    16
   33     0
    2    15
    2    14
    2    13
    2    12
    2     7
    2     6
    2     5
    2     4
    2    11
    2    10
    2     9
    2     8
    2     3
    2     2
    2     1
    2     0
    3     6
    2     6
    3     4
    2     4
    2     6
   18     6
    2     4
   18     4
    3     2
    2     2
    3     0
    2     0
    2     2
   18     2
    2     0
   18     0
    3    12
    2    12
    2    12
    1    12
    3     4
    2     4
    2     4
    1     4
    3     8
    2     8
    2     8
    1     8
    3     0
    2     0
    2     0
    1     0
    3     4
    2     4
    2     4
    1     4
    2     4
   18     4
    1     4
   17     4
    3     0
    2     0
    2     0
    1     0
    2     0
   18     0
    1     0
   17     0
    3     9
    3     8
    2     9
    2     8
    3     1
    3     0
    2     1
    2     0
    2     9
    2     8
   18     9
   18     8
    2     1
    2     0
   18     1
   18     0
    4     0
    3     0
    3     0
    2     0
    3     0
   19     0
    2     0
   18     0
    3     0
    2     0
   19     0
   18     0
    2     0
   18     0
   18     0
   34     0
    3     8
    2     8
    2     8
    1     8
    3     0
    2     0
    2     0
    1     0
    2     8
    1     8
   18     8
   17     8
    2     0
    1     0
   18     0
   17     0
    3     0
    2     0
    2     0
    1     0
    2     0
   18     0
    1     0
   17     0
    2     0
    1     0
   18     0
   17     0
    1     0
   17     0
   17     0
   33     0
    3     3
    3     2
    3     1
    3     0
    2     3
    2     2
    2     1
    2     0
    2     3
    2     2
    2     1
    2     0
    1     3
    1     2
    1     1
    1     0
    3     2
    2     2
    3     0
    2     0
    2     2
   18     2
    2     0
   18     0
    2     2
    1     2
    2     0
    1     0
    1     2
   17     2
    1     0
   17     0
    4     0
    3     0
    3     0
    2     0
    3     0
    2     0
    2     0
    1     0
    3     0
    2     0
    2     0
    1     0
    2     0
    1     0
    1     0
   17     0
    3     0
    2     0
    2     0
    1     0
    2     0
   18     0
    1     0
   17     0
    2     0
    1     0
   18     0
   17     0
    1     0
   17     0
   17     0
   33     0
    3     1
    3     0
    2     1
    2     0
    2     1
    2     0
    1     1
    1     0
    2     1
    2     0
   18     1
   18     0
    1     1
    1     0
   17     1
   17     0
    3     0
    2     0
    2     0
    1     0
    2     0
   18     0
    1     0
   17     0
    2     0
    1     0
   18     0
   17     0
    1     0
   17     0
   17     0
   33     0
    3     0
    2     0
    2     0
    1     0
    2     0
   18     0
    1     0
   17     0
    2     0
    1     0
   18     0
   17     0
    1     0
   17     0
   17     0
   33     0
   19     0
   18     0
   18     0
   17     0
   18     0
   34     0
   17     0
   33     0
   18     0
   17     0
   34     0
   33     0
   17     0
   33     0
   33     0
   49     0
    1   143
    1   142
    1   141
    1   140
    2     7
    2     6
    2     5
    2     4
    1   139
    1   138
    1   137
    1   136
    2     3
    2     2
    2     1
    2     0
    2   134
    1   134
    2   132
    1   132
    2     6
    1     6
    2     4
    1     4
    2   130
    1   130
    2   128
    1   128
    2     2
    1     2
    2     0
    1     0
    2   140
    1   140
    1   140
   17   140
    3     4
    2     4
    2     4
   18     4
    2   136
    1   136
    1   136
   17   136
    3     0
    2     0
    2     0
   18     0
    2   132
    1   132
    1   132
   17   132
    2     4
    1     4
    1     4
   17     4
    2   128
    1   128
    1   128
   17   128
    2     0
    1     0
    1     0
   17     0
    2   137
    2   136
    1   137
    1   136
    3     1
    3     0
    2     1
    2     0
    1   137
    1   136
   17   137
   17   136
    2     1
    2     0
   18     1
   18     0
    3   128
    2   128
    2   128
    1   128
    3     0
    2     0
    2     0
    1     0
    2   128
    1   128
   18   128
   17   128
    2     0
    1     0
   18     0
   17     0
    2   136
    1   136
    1   136
   17   136
    3     0
    2     0
    2     0
   18     0
    1   136
   17   136
   17   136
   33   136
    2     0
   18     0
   18     0
   34     0
    2   128
    1   128
    1   128
   17   128
    2     0
    1     0
    1     0
   17     0
    1   128
   17   128
   17   128
   33   128
    1     0
   17     0
   17     0
   33     0
    2   131
    2   130
    2   129
    2   128
    2     3
    2     2
    2     1
    2     0
    1   131
    1   130
    1   129
    1   128
    1     3
    1     2
    1     1
    1     0
    2   130
    1   130
    2   128
    1   128
    2     2
    1     2
    2     0
    1     0
    1   130
   17   130
    1   128
   17   128
    1     2
   17     2
    1     0
   17     0
    3   128
    2   128
    2   128
   18   128
    3     0
    2     0
    2     0
   18     0
    2   128
    1   128
    1   128
   17   128
    2     0
    1     0
    1     0
   17     0
    2   128
    1   128
    1   128
   17   128
    2     0
    1     0
    1     0
   17     0
    1   128
   17   128
   17   128
   33   128
    1     0
   17     0
   17     0
   33     0
    2   129
    2   128
    1   129
    1   128
    2     1
    2     0
    1     1
    1     0
    1   129
    1   128
   17   129
   17   128
    1     1
    1     0
   17     1
   17     0
    2   128
    1   128
    1   128
   17   128
    2     0
    1     0
    1     0
   17     0
    1   128
   17   128
   17   128
   33   128
    1     0
   17     0
   17     0
   33     0
    2   128
    1   128
    1   128
   17   128
    2     0
    1     0
    1     0
   17     0
    1   128
   17   128
   17   128
   33   128
    1     0
   17     0
   17     0
   33     0
   18   128
   17   128
   17   128
   33   128
   18     0
   17     0
   17     0
   33     0
   17   128
   33   128
   33   128
   49   128
   17     0
   33     0
   33     0
   49     0
    1    15
    1    14
    1    13
    1    12
    1     7
    1     6
    1     5
    1     4
    1    11
    1    10
    1     9
    1     8
    1     3
    1     2
    1     1
    1     0
    2     6
    1     6
    2     4
    1     4
    1     6
   17     6
    1     4
   17     4
    2     2
    1     2
    2     0
    1     0
    1     2
   17     2
    1     0
   17     0
    2    12
    1    12
    1    12
   17    12
    2     4
    1     4
    1     4
   17     4
    2     8
    1     8
    1     8
   17     8
    2     0
    1     0
    1     0
   17     0
    2     4
    1     4
    1     4
   17     4
    1     4
   17     4
   17     4
   33     4
    2     0
    1     0
    1     0
   17     0
    1     0
   17     0
   17     0
   33     0
    2     9
    2     8
    1     9
    1     8
    2     1
    2     0
    1     1
    1     0
    1     9
    1     8
   17     9
   17     8
    1     1
    1     0
   17     1
   17     0
    3     0
    2     0
    2     0
    1     0
    2     0
   18     0
    1     0
   17     0
    2     0
    1     0
   18     0
   17     0
    1     0
   17     0
   17     0
   33     0
    2     8
    1     8
    1     8
   17     8
    2     0
    1     0
    1     0
   17     0
    1     8
   17     8
   17     8
   33     8
    1     0
   17     0
   17     0
   33     0
    2     0
    1     0
    1     0
   17     0
    1     0
   17     0
   17     0
   33     0
    1     0
   17     0
   17     0
   33     0
   17     0
   33     0
   33     0
   49     0
    2     3
    2     2
    2     1
    2     0
    1     3
    1     2
    1     1
    1     0
    1     3
    1     2
    1     1
    1     0
   17     3
   17     2
   17     1
   17     0
    2     2
    1     2
    2     0
    1     0
    1     2
   17     2
    1     0
   17     0
    1     2
   17     2
    1     0
   17     0
   17     2
   33     2
   17     0
   33     0
    3     0
    2     0
    2     0
   18     0
    2     0
    1     0
    1     0
   17     0
    2     0
    1     0
    1     0
   17     0
   18     0
   17     0
   17     0
   33     0
    2     0
    1     0
    1     0
   17     0
    1     0
   17     0
   17     0
   33     0
    1     0
   17     0
   17     0
   33     0
   17     0
   33     0
   33     0
   49     0
    2     1
    2     0
    1     1
    1     0
    1     1
    1     0
   17     1
   17     0
    1     1
    1     0
   17     1
   17     0
   17     1
   17     0
   33     1
   33     0
    2     0
    1     0
    1     0
   17     0
    1     0
   17     0
   17     0
   33     0
    1     0
   17     0
   17     0
   33     0
   17     0
   33     0
   33     0
   49     0
    2     0
    1     0
    1     0
   17     0
    1     0
   17     0
   17     0
   33     0
    1     0
   17     0
   17     0
   33     0
   17     0
   33     0
   33     0
   49     0
   18     0
   17     0
   17     0
   33     0
   17     0
   33     0
   33     0
   49     0
   17     0
   33     0
   33     0
   49     0
   33     0
   49     0
   49     0
   65     0
    1    63
    2    46
    2    29
    3    12
    1    55
    2    38
    2    21
    3     4
    1    59
    2    42
    2    25
    3     8
    1    51
    2    34
    2    17
    3     0
    2    54
    2    38
    3    20
    3     4
    1    54
    1    38
    2    20
    2     4
    2    50
    2    34
    3    16
    3     0
    1    50
    1    34
    2    16
    2     0
    2    60
    2    44
    2    28
    2    12
    2    52
    2    36
    2    20
    2     4
    2    56
    2    40
    2    24
    2     8
    2    48
    2    32
    2    16
    2     0
    2    52
    2    36
    2    20
    2     4
    1    52
    1    36
    1    20
    1     4
    2    48
    2    32
    2    16
    2     0
    1    48
    1    32
    1    16
    1     0
    2    57
    3    40
    2    25
    3     8
    2    49
    3    32
    2    17
    3     0
    1    57
    2    40
    1    25
    2     8
    1    49
    2    32
    1    17
    2     0
    3    48
    3    32
    3    16
    3     0
    2    48
    2    32
    2    16
    2     0
    2    48
    2    32
    2    16
    2     0
    1    48
    1    32
    1    16
    1     0
    2    56
    2    40
    2    24
    2     8
    2    48
    2    32
    2    16
    2     0
    1    56
    1    40
    1    24
    1     8
    1    48
    1    32
    1    16
    1     0
    2    48
    2    32
    2    16
    2     0
    1    48
    1    32
    1    16
    1     0
    1    48
    1    32
    1    16
    1     0
   17    48
   17    32
   17    16
   17     0
    2    51
    3    34
    3    17
    4     0
    1    51
    2    34
    2    17
    3     0
    1    51
    2    34
    2    17
    3     0
   17    51
   18    34
   18    17
   19     0
    2    50
    2    34
    3    16
    3     0
    1    50
    1    34
    2    16
    2     0
    1    50
    1    34
    2    16
    2     0
   17    50
   17    34
   18    16
   18     0
    3    48
    3    32
    3    16
    3     0
    2    48
    2    32
    2    16
    2     0
    2    48
    2    32
    2    16
    2     0
   18    48
   18    32
   18    16
   18     0
    2    48
    2    32
    2    16
    2     0
    1    48
    1    32
    1    16
    1     0
    1    48
    1    32
    1    16
    1     0
   17    48
   17    32
   17    16
   17     0
    2    49
    3    32
    2    17
    3     0
    1    49
    2    32
    1    17
    2     0
    1    49
    2    32
    1    17
    2     0
   17    49
   18    32
   17    17
   18     0
    2    48
    2    32
    2    16
    2     0
    1    48
    1    32
    1    16
    1     0
    1    48
    1    32
    1    16
    1     0
   17    48
   17    32
   17    16
   17     0
    2    48
    2    32
    2    16
    2     0
    1    48
    1    32
    1    16
    1     0
    1    48
    1    32
    1    16
    1     0
   17    48
   17    32
   17    16
   17     0
   18    48
   18    32
   18    16
   18     0
   17    48
   17    32
   17    16
   17     0
   17    48
   17    32
   17    16
   17     0
   33    48
   33    32
   33    16
   33     0
    1    47
    1    46
    2    13
    2    12
    1    39
    1    38
    2     5
    2     4
    1    43
    1    42
    2     9
    2     8
    1    35
    1    34
    2     1
    2     0
    2    38
    1    38
    3     4
    2     4
    1    38
   17    38
    2     4
   18     4
    2    34
    1    34
    3     0
    2     0
    1    34
   17    34
    2     0
   18     0
    2    44
    1    44
    2    12
    1    12
    2    36
    1    36
    2     4
    1     4
    2    40
    1    40
    2     8
    1     8
    2    32
    1    32
    2     0
    1     0
    2    36
    1    36
    2     4
    1     4
    1    36
   17    36
    1     4
   17     4
    2    32
    1    32
    2     0
    1     0
    1    32
   17    32
    1     0
   17     0
    2    41
    2    40
    2     9
    2     8
    2    33
    2    32
    2     1
    2     0
    1    41
    1    40
    1     9
    1     8
    1    33
    1    32
    1     1
    1     0
    3    32
    2    32
    3     0
    2     0
    2    32
   18    32
    2     0
   18     0
    2    32
    1    32
    2     0
    1     0
    1    32
   17    32
    1     0
   17     0
    2    40
    1    40
    2     8
    1     8
    2    32
    1    32
    2     0
    1     0
    1    40
   17    40
    1     8
   17     8
    1    32
   17    32
    1     0
   17     0
    2    32
    1    32
    2     0
    1     0
    1    32
   17    32
    1     0
   17     0
    1    32
   17    32
    1     0
   17     0
   17    32
   33    32
   17     0
   33     0
    2    35
    2    34
    3     1
    3     0
    1    35
    1    34
    2     1
    2     0
    1    35
    1    34
    2     1
    2     0
   17    35
   17    34
   18     1
   18     0
    2    34
    1    34
    3     0
    2     0
    1    34
   17    34
    2     0
   18     0
    1    34
   17    34
    2     0
   18     0
   17    34
   33    34
   18     0
   34     0
    3    32
    2    32
    3     0
    2     0
    2    32
    1    32
    2     0
    1     0
    2    32
    1    32
    2     0
    1     0
   18    32
   17    32
   18     0
   17     0
    2    32
    1    32
    2     0
    1     0
    1    32
   17    32
    1     0
   17     0
    1    32
   17    32
    1     0
   17     0
   17    32
   33    32
   17     0
   33     0
    2    33
    2    32
    2     1
    2     0
    1    33
    1    32
    1     1
    1     0
    1    33
    1    32
    1     1
    1     0
   17    33
   17    32
   17     1
   17     0
    2    32
    1    32
    2     0
    1     0
    1    32
   17    32
    1     0
   17     0
    1    32
   17    32
    1     0
   17     0
   17    32
   33    32
   17     0
   33     0
    2    32
    1    32
    2     0
    1     0
    1    32
   17    32
    1     0
   17     0
    1    32
   17    32
    1     0
   17     0
   17    32
   33    32
   17     0
   33     0
   18    32
   17    32
   18     0
   17     0
   17    32
   33    32
   17     0
   33     0
   17    32
   33    32
   17     0
   33     0
   33    32
   49    32
   33     0
   49     0
    2    15
    2    14
    2    13
    2    12
    2     7
    2     6
    2     5
    2     4
    2    11
    2    10
    2     9
    2     8
    2     3
    2     2
    2     1
    2     0
    3     6
    2     6
    3     4
    2     4
    2     6
    1     6
    2     4
    1     4
    3     2
    2     2
    3     0
    2     0
    2     2
    1     2
    2     0
    1     0
    3    12
    2    12
    2    12
   18    12
    3     4
    2     4
    2     4
   18     4
    3     8
    2     8
    2     8
   18     8
    3     0
    2     0
    2     0
   18     0
    3     4
    2     4
    2     4
   18     4
    2     4
    1     4
    1     4
   17     4
    3     0
    2     0
    2     0
   18     0
    2     0
    1     0
    1     0
   17     0
    3     9
    3     8
    2     9
    2     8
    3     1
    3     0
    2     1
    2     0
    2     9
    2     8
    1     9
    1     8
    2     1
    2     0
    1     1
    1     0
    4     0
    3     0
    3     0
    2     0
    3     0
    2     0
    2     0
    1     0
    3     0
    2     0
    2     0
    1     0
    2     0
    1     0
    1     0
   17     0
    3     8
    2     8
    2     8
   18     8
    3     0
    2     0
    2     0
   18     0
    2     8
    1     8
    1     8
   17     8
    2     0
    1     0
    1     0
   17     0
    3     0
    2     0
    2     0
   18     0
    2     0
    1     0
    1     0
   17     0
    2     0
    1     0
    1     0
   17     0
   18     0
   17     0
   17     0
   33     0
    3     3
    3     2
    3     1
    3     0
    2     3
    2     2
    2     1
    2     0
    2     3
    2     2
    2     1
    2     0
   18     3
   18     2
   18     1
   18     0
    3     2
    2     2
    3     0
    2     0
    2     2
    1     2
    2     0
    1     0
    2     2
    1     2
    2     0
    1     0
   18     2
   17     2
   18     0
   17     0
    4     0
    3     0
    3     0
   19     0
    3     0
    2     0
    2     0
   18     0
    3     0
    2     0
    2     0
   18     0
   19     0
   18     0
   18     0
   34     0
    3     0
    2     0
    2     0
   18     0
    2     0
    1     0
    1     0
   17     0
    2     0
    1     0
    1     0
   17     0
   18     0
   17     0
   17     0
   33     0
    3     1
    3     0
    2     1
    2     0
    2     1
    2     0
    1     1
    1     0
    2     1
    2     0
    1     1
    1     0
   18     1
   18     0
   17     1
   17     0
    3     0
    2     0
    2     0
   18     0
    2     0
    1     0
    1     0
   17     0
    2     0
    1     0
    1     0
   17     0
   18     0
   17     0
   17     0
   33     0
    3     0
    2     0
    2     0
   18     0
    2     0
    1     0
    1     0
   17     0
    2     0
    1     0
    1     0
   17     0
   18     0
   17     0
   17     0
   33     0
   19     0
   18     0
   18     0
   34     0
   18     0
   17     0
   17     0
   33     0
   18     0
   17     0
   17     0
   33     0
   34     0
   33     0
   33     0
   49     0
    1    15
    1    14
    1    13
    1    12
    1     7
    1     6
    1     5
    1     4
    1    11
    1    10
    1     9
    1     8
    1     3
    1     2
    1     1
    1     0
    2     6
    1     6
    2     4
    1     4
    1     6
   17     6
    1     4
   17     4
    2     2
    1     2
    2     0
    1     0
    1     2
   17     2
    1     0
   17     0
    2    12
    1    12
    1    12
   17    12
    2     4
    1     4
    1     4
   17     4
    2     8
    1     8
    1     8
   17     8
    2     0
    1     0
    1     0
   17     0
    2     4
    1     4
    1     4
   17     4
    1     4
   17     4
   17     4
   33     4
    2     0
    1     0
    1     0
   17     0
    1     0
   17     0
   17     0
   33     0
    2     9
    2     8
    1     9
    1     8
    2     1
    2     0
    1     1
    1     0
    1     9
    1     8
   17     9
   17     8
    1     1
    1     0
   17     1
   17     0
    3     0
    2     0
    2     0
    1     0
    2     0
   18     0
    1     0
   17     0
    2     0
    1     0
   18     0
   17     0
    1     0
   17     0
   17     0
   33     0
    2     8
    1     8
    1     8
   17     8
    2     0
    1     0
    1     0
   17     0
    1     8
   17     8
   17     8
   33     8
    1     0
   17     0
   17     0
   33     0
    2     0
    1     0
    1     0
   17     0
    1     0
   17     0
   17     0
   33     0
    1     0
   17     0
   17     0
   33     0
   17     0
   33     0
   33     0
   49     0
    2     3
    2     2
    2     1
    2     0
    1     3
    1     2
    1     1
    1     0
    1     3
    1     2
    1     1
    1     0
   17     3
   17     2
   17     1
   17     0
    2     2
    1     2
    2     0
    1     0
    1     2
   17     2
    1     0
   17     0
    1     2
   17     2
    1     0
   17     0
   17     2
   33     2
   17     0
   33     0
    3     0
    2     0
    2     0
   18     0
    2     0
    1     0
    1     0
   17     0
    2     0
    1     0
    1     0
   17     0
   18     0
   17     0
   17     0
   33     0
    2     0
    1     0
    1     0
   17     0
    1     0
   17     0
   17     0
   33     0
    1     0
   17     0
   17     0
   33     0
   17     0
   33     0
   33     0
   49     0
    2     1
    2     0
    1     1
    1     0
    1     1
    1     0
   17     1
   17     0
    1     1
    1     0
   17     1
   17     0
   17     1
   17     0
   33     1
   33     0
    2     0
    1     0
    1     0
   17     0
    1     0
   17     0
   17     0
   33     0
    1     0
   17     0
   17     0
   33     0
   17     0
   33     0
   33     0
   49     0
    2     0
    1     0
    1     0
   17     0
    1     0
   17     0
   17     0
   33     0
    1     0
   17     0
   17     0
   33     0
   17     0
   33     0
   33     0
   49     0
   18     0
   17     0
   17     0
   33     0
   17     0
   33     0
   33     0
   49     0
   17     0
   33     0
   33     0
   49     0
   33     0
   49     0
   49     0
   65     0
    1    31
    2    14
    1    29
    2    12
    1    23
    2     6
    1    21
    2     4
    1    27
    2    10
    1    25
    2     8
    1    19
    2     2
    1    17
    2     0
    2    22
    2     6
    2    20
    2     4
    1    22
    1     6
    1    20
    1     4
    2    18
    2     2
    2    16
    2     0
    1    18
    1     2
    1    16
    1     0
    2    28
    2    12
    1    28
    1    12
    2    20
    2     4
    1    20
    1     4
    2    24
    2     8
    1    24
    1     8
    2    16
    2     0
    1    16
    1     0
    2    20
    2     4
    1    20
    1     4
    1    20
    1     4
   17    20
   17     4
    2    16
    2     0
    1    16
    1     0
    1    16
    1     0
   17    16
   17     0
    2    25
    3     8
    1    25
    2     8
    2    17
    3     0
    1    17
    2     0
    1    25
    2     8
   17    25
   18     8
    1    17
    2     0
   17    17
   18     0
    3    16
    3     0
    2    16
    2     0
    2    16
    2     0
    1    16
    1     0
    2    16
    2     0
   18    16
   18     0
    1    16
    1     0
   17    16
   17     0
    2    24
    2     8
    1    24
    1     8
    2    16
    2     0
    1    16
    1     0
    1    24
    1     8
   17    24
   17     8
    1    16
    1     0
   17    16
   17     0
    2    16
    2     0
    1    16
    1     0
    1    16
    1     0
   17    16
   17     0
    1    16
    1     0
   17    16
   17     0
   17    16
   17     0
   33    16
   33     0
    2    19
    3     2
    2    17
    3     0
    1    19
    2     2
    1    17
    2     0
    1    19
    2     2
    1    17
    2     0
   17    19
   18     2
   17    17
   18     0
    2    18
    2     2
    2    16
    2     0
    1    18
    1     2
    1    16
    1     0
    1    18
    1     2
    1    16
    1     0
   17    18
   17     2
   17    16
   17     0
    3    16
    3     0
    2    16
    2     0
    2    16
    2     0
    1    16
    1     0
    2    16
    2     0
    1    16
    1     0
   18    16
   18     0
   17    16
   17     0
    2    16
    2     0
    1    16
    1     0
    1    16
    1     0
   17    16
   17     0
    1    16
    1     0
   17    16
   17     0
   17    16
   17     0
   33    16
   33     0
    2    17
    3     0
    1    17
    2     0
    1    17
    2     0
   17    17
   18     0
    1    17
    2     0
   17    17
   18     0
   17    17
   18     0
   33    17
   34     0
    2    16
    2     0
    1    16
    1     0
    1    16
    1     0
   17    16
   17     0
    1    16
    1     0
   17    16
   17     0
   17    16
   17     0
   33    16
   33     0
    2    16
    2     0
    1    16
    1     0
    1    16
    1     0
   17    16
   17     0
    1    16
    1     0
   17    16
   17     0
   17    16
   17     0
   33    16
   33     0
   18    16
   18     0
   17    16
   17     0
   17    16
   17     0
   33    16
   33     0
   17    16
   17     0
   33    16
   33     0
   33    16
   33     0
   49    16
   49     0
    1    15
    1    14
    1    13
    1    12
    1     7
    1     6
    1     5
    1     4
    1    11
    1    10
    1     9
    1     8
    1     3
    1     2
    1     1
    1     0
    2     6
    1     6
    2     4
    1     4
    1     6
   17     6
    1     4
   17     4
    2     2
    1     2
    2     0
    1     0
    1     2
   17     2
    1     0
   17     0
    2    12
    1    12
    1    12
   17    12
    2     4
    1     4
    1     4
   17     4
    2     8
    1     8
    1     8
   17     8
    2     0
    1     0
    1     0
   17     0
    2     4
    1     4
    1     4
   17     4
    1     4
   17     4
   17     4
   33     4
    2     0
    1     0
    1     0
   17     0
    1     0
   17     0
   17     0
   33     0
    2     9
    2     8
    1     9
    1     8
    2     1
    2     0
    1     1
    1     0
    1     9
    1     8
   17     9
   17     8
    1     1
    1     0
   17     1
   17     0
    3     0
    2     0
    2     0
    1     0
    2     0
   18     0
    1     0
   17     0
    2     0
    1     0
   18     0
   17     0
    1     0
   17     0
   17     0
   33     0
    2     8
    1     8
    1     8
   17     8
    2     0
    1     0
    1     0
   17     0
    1     8
   17     8
   17     8
   33     8
    1     0
   17     0
   17     0
   33     0
    2     0
    1     0
    1     0
   17     0
    1     0
   17     0
   17     0
   33     0
    1     0
   17     0
   17     0
   33     0
   17     0
   33     0
   33     0
   49     0
    2     3
    2     2
    2     1
    2     0
    1     3
    1     2
    1     1
    1     0
    1     3
    1     2
    1     1
    1     0
   17     3
   17     2
   17     1
   17     0
    2     2
    1     2
    2     0
    1     0
    1     2
   17     2
    1     0
   17     0
    1     2
   17     2
    1     0
   17     0
   17     2
   33     2
   17     0
   33     0
    3     0
    2     0
    2     0
   18     0
    2     0
    1     0
    1     0
   17     0
    2     0
    1     0
    1     0
   17     0
   18     0
   17     0
   17     0
   33     0
    2     0
    1     0
    1     0
   17     0
    1     0
   17     0
   17     0
   33     0
    1     0
   17     0
   17     0
   33     0
   17     0
   33     0
   33     0
   49     0
    2     1
    2     0
    1     1
    1     0
    1     1
    1     0
   17     1
   17     0
    1     1
    1     0
   17     1
   17     0
   17     1
   17     0
   33     1
   33     0
    2     0
    1     0
    1     0
   17     0
    1     0
   17     0
   17     0
   33     0
    1     0
   17     0
   17     0
   33     0
   17     0
   33     0
   33     0
   49     0
    2     0
    1     0
    1     0
   17     0
    1     0
   17     0
   17     0
   33     0
    1     0
   17     0
   17     0
   33     0
   17     0
   33     0
   33     0
   49     0
   18     0
   17     0
   17     0
   33     0
   17     0
   33     0
   33     0
   49     0
   17     0
   33     0
   33     0
   49     0
   33     0
   49     0
   49     0
   65     0
    1    15
    1    14
    1    13
    1    12
    1     7
    1     6
    1     5
    1     4
    1    11
    1    10
    1     9
    1     8
    1     3
    1     2
    1     1
    1     0
    2     6
    1     6
    2     4
    1     4
    1     6
   17     6
    1     4
   17     4
    2     2
    1     2
    2     0
    1     0
    1     2
   17     2
    1     0
   17     0
    2    12
    1    12
    1    12
   17    12
    2     4
    1     4
    1     4
   17     4
    2     8
    1     8
    1     8
   17     8
    2     0
    1     0
    1     0
   17     0
    2     4
    1     4
    1     4
   17     4
    1     4
   17     4
   17     4
   33     4
    2     0
    1     0
    1     0
   17     0
    1     0
   17     0
   17     0
   33     0
    2     9
    2     8
    1     9
    1     8
    2     1
    2     0
    1     1
    1     0
    1     9
    1     8
   17     9
   17     8
    1     1
    1     0
   17     1
   17     0
    3     0
    2     0
    2     0
    1     0
    2     0
   18     0
    1     0
   17     0
    2     0
    1     0
   18     0
   17     0
    1     0
   17     0
   17     0
   33     0
    2     8
    1     8
    1     8
   17     8
    2     0
    1     0
    1     0
   17     0
    1     8
   17     8
   17     8
   33     8
    1     0
   17     0
   17     0
   33     0
    2     0
    1     0
    1     0
   17     0
    1     0
   17     0
   17     0
   33     0
    1     0
   17     0
   17     0
   33     0
   17     0
   33     0
   33     0
   49     0
    2     3
    2     2
    2     1
    2     0
    1     3
    1     2
    1     1
    1     0
    1     3
    1     2
    1     1
    1     0
   17     3
   17     2
   17     1
   17     0
    2     2
    1     2
    2     0
    1     0
    1     2
   17     2
    1     0
   17     0
    1     2
   17     2
    1     0
   17     0
   17     2
   33     2
   17     0
   33     0
    3     0
    2     0
    2     0
   18     0
    2     0
    1     0
    1     0
   17     0
    2     0
    1     0
    1     0
   17     0
   18     0
   17     0
   17     0
   33     0
    2     0
    1     0
    1     0
   17     0
    1     0
   17     0
   17     0
   33     0
    1     0
   17     0
   17     0
   33     0
   17     0
   33     0
   33     0
   49     0
    2     1
    2     0
    1     1
    1     0
    1     1
    1     0
   17     1
   17     0
    1     1
    1     0
   17     1
   17     0
   17     1
   17     0
   33     1
   33     0
    2     0
    1     0
    1     0
   17     0
    1     0
   17     0
   17     0
   33     0
    1     0
   17     0
   17     0
   33     0
   17     0
   33     0
   33     0
   49     0
    2     0
    1     0
    1     0
   17     0
    1     0
   17     0
   17     0
   33     0
    1     0
   17     0
   17     0
   33     0
   17     0
   33     0
   33     0
   49     0
   18     0
   17     0
   17     0
   33     0
   17     0
   33     0
   33     0
   49     0
   17     0
   33     0
   33     0
   49     0
   33     0
   49     0
   49     0
   65     0
   17    15
   17    14
   17    13
   17    12
   17     7
   17     6
   17     5
   17     4
   17    11
   17    10
   17     9
   17     8
   17     3
   17     2
   17     1
   17     0
   18     6
   17     6
   18     4
   17     4
   17     6
   33     6
   17     4
   33     4
   18     2
   17     2
   18     0
   17     0
   17     2
   33     2
   17     0
   33     0
   18    12
   17    12
   17    12
   33    12
   18     4
   17     4
   17     4
   33     4
   18     8
   17     8
   17     8
   33     8
   18     0
   17     0
   17     0
   33     0
   18     4
   17     4
   17     4
   33     4
   17     4
   33     4
   33     4
   49     4
   18     0
   17     0
   17     0
   33     0
   17     0
   33     0
   33     0
   49     0
   18     9
   18     8
   17     9
   17     8
   18     1
   18     0
   17     1
   17     0
   17     9
   17     8
   33     9
   33     8
   17     1
   17     0
   33     1
   33     0
   19     0
   18     0
   18     0
   17     0
   18     0
   34     0
   17     0
   33     0
   18     0
   17     0
   34     0
   33     0
   17     0
   33     0
   33     0
   49     0
   18     8
   17     8
   17     8
   33     8
   18     0
   17     0
   17     0
   33     0
   17     8
   33     8
   33     8
   49     8
   17     0
   33     0
   33     0
   49     0
   18     0
   17     0
   17     0
   33     0
   17     0
   33     0
   33     0
   49     0
   17     0
   33     0
   33     0
   49     0
   33     0
   49     0
   49     0
   65     0
   18     3
   18     2
   18     1
   18     0
   17     3
   17     2
   17     1
   17     0
   17     3
   17     2
   17     1
   17     0
   33     3
   33     2
   33     1
   33     0
   18     2
   17     2
   18     0
   17     0
   17     2
   33     2
   17     0
   33     0
   17     2
   33     2
   17     0
   33     0
   33     2
   49     2
   33     0
   49     0
   19     0
   18     0
   18     0
   34     0
   18     0
   17     0
   17     0
   33     0
   18     0
   17     0
   17     0
   33     0
   34     0
   33     0
   33     0
   49     0
   18     0
   17     0
   17     0
   33     0
   17     0
   33     0
   33     0
   49     0
   17     0
   33     0
   33     0
   49     0
   33     0
   49     0
   49     0
   65     0
   18     1
   18     0
   17     1
   17     0
   17     1
   17     0
   33     1
   33     0
   17     1
   17     0
   33     1
   33     0
   33     1
   33     0
   49     1
   49     0
   18     0
   17     0
   17     0
   33     0
   17     0
   33     0
   33     0
   49     0
   17     0
   33     0
   33     0
   49     0
   33     0
   49     0
   49     0
   65     0
   18     0
   17     0
   17     0
   33     0
   17     0
   33     0
   33     0
   49     0
   17     0
   33     0
   33     0
   49     0
   33     0
   49     0
   49     0
   65     0
   34     0
   33     0
   33     0
   49     0
   33     0
   49     0
   49     0
   65     0
   33     0
   49     0
   49     0
   65     0
   49     0
   65     0
   65     0
   81     0
